image_width: 1280
image_height: 720
camera_name: cam0
camera_matrix:
  rows: 3
  cols: 3
  data: [1024.284839754035, 0, 663.1936333480634, 0, 1037.007844392782, 357.494829934534, 0, 0, 1]
distortion_model: plumb_bob
distortion_coefficients:
  rows: 1
  cols: 5
  data: [0.03444157640982917, -0.08008446951503052, -0.006029773514725672, 0.008267826183608232, 0]
rectification_matrix:
  rows: 3
  cols: 3
  data: [1, 0, 0, 0, 1, 0, 0, 0, 1]
projection_matrix:
  rows: 3
  cols: 4
  data: [1024.27685546875, 0, 673.7940606923657, 0, 0, 1046.565795898438, 353.4087794978441, 0, 0, 0, 1, 0]
