image_width: 1280
image_height: 720
camera_name: camera
camera_matrix:
  rows: 3
  cols: 3
  data: [1000.878827, 0.000000, 615.082087, 0.000000, 1000.534971, 362.408186, 0.000000, 0.000000, 1.000000]
distortion_model: plumb_bob
distortion_coefficients:
  rows: 1
  cols: 5
  data: [-0.066478, 0.049827, -0.000074, -0.001784, 0.000000]
rectification_matrix:
  rows: 3
  cols: 3
  data: [1.000000, 0.000000, 0.000000, 0.000000, 1.000000, 0.000000, 0.000000, 0.000000, 1.000000]
projection_matrix:
  rows: 3
  cols: 4
  data: [980.541077, 0.000000, 611.752678, 0.000000, 0.000000, 991.144409, 361.909858, 0.000000, 0.000000, 0.000000, 1.000000, 0.000000]
